LinearSRGBToRec2020 =
  SetPrecision[{{0.627403895934699,0.069097289358232,0.016391438875150},
    {0.329283038377884,0.919540395075458,0.088013307877226},
    {0.043313065687417,0.011362315566309,0.895595253247624}},15];
AgXInset =
  SetPrecision[{{0.856627153315983,0.137318972929847,0.11189821299995},
    {0.0951212405381588,0.761241990602591,0.0767994186031903},
    {0.0482516061458583,0.101439036467562,0.811302368396859}},15];
Print["Combined sRGB to 2020 and AgX inset:"]
combinedInset=SetPrecision[LinearSRGBToRec2020.AgXInset,15]

AgXOutset =
  SetPrecision[{{0.899796955911611,0.11142098895748,0.11142098895748},
    {0.0871996192028351,0.875575586156966,0.0871996192028349},
    {0.013003424885555,0.0130034248855548,0.801379391839686}},15];
Rec2020ToLinearSRGB =
  SetPrecision[{{1.660491002108435,-0.124550474521591,-0.018150763354905},
    {-0.587641138788550,1.132899897125961,-0.100578898008007},
    {-0.072849863319885,-0.008349422604369,1.118729661362913}},16];
Print["Combined AgX outset and 2020 to sRGB:"]
combinedOutset=SetPrecision[Inverse[AgXOutset].Rec2020ToLinearSRGB,15]

Print["Sanity check of combinedInset:"]
SetPrecision[{1,1,1}.combinedInset, 20]

Print["Sanity check of combinedOutset:"]
SetPrecision[{1,1,1}.combinedOutset, 20]

Print["Sanity check of round trip:"]
SetPrecision[({1,1,1}.combinedInset).combinedOutset, 20]

"Combined sRGB to 2020 and AgX inset:"
  {{0.544814746488245,0.140416948464053,0.0888104196149096},
   {0.373787398372697,0.754137554567394,0.178871756420858},
   {0.0813978551390581,0.105445496968552,0.732317823964232}}
"Combined AgX outset and 2020 to sRGB:"
  {{1.96488741169489,-0.299313364904742,-0.164352742528393},
   {-0.855988495690215,1.32639796461980,-0.238183969428088},
   {-0.108898916004672,-0.0270845997150571,1.40253671195648}}
"Sanity check of combinedInset:"
  {1.0000000000000000682,0.9999999999999992744,0.9999999999999992142}
"Sanity check of combinedOutset:"
  {0.9999999999999985100,1.0000000000000003129,1.0000000000000001018}
"Sanity check of round trip:"
  {0.9999999999999993506,0.9999999999999993513,0.9999999999999991612}
